2364.3
1831.0
5353.9
13599.2
3680.3
2455.5
13701.4
10344.8
2376.3
3160.9
35522.3
1843.6
4237.6
17275.4
5355.7
11011.2
2518.7
125536.0
87481.8
10449.8
4745.8
2471.7
8741.4
9752.4
26265.1
71329.4
5154.2
77420.3
216502.5
166558.0
3778.7
14192.6
98018.2
2751.2
82957.3
27313.3
2179.5
17089.0
7026.9
2217.2
2010.2
22347.9
85328.6
5743.0
80717.2
4234.1
129625.0
133149.2
81470.6
9962.0
72617.9
2250.6
2394.8
1613.1
1857.7
62851.7
124928.9
6719.3
3746.9
10641.6
25533.5
1963.4
2890.3
30763.8
2107.5
5306.1
7017.4
1803.1
139676.8
8144.9
2714.0
2653.2
12125.6
1597.3
13638.7
1908.3
4039.7
11649.9
2627.5
2279.2
147309.9
128219.4
2390.0
17293.3
1411.1
5171.8
5581.9
5220.3
10103.7
76511.9
20855.3
23536.0
7350.8
7616.4
3420.3
9209.4
8587.0
10753.7
143644.7
9001.6
1717.7
1827.1
89288.1
11864.9
75684.4
4699.1
3331.5
2169.6
3021.1
72787.8
7060.3
27907.4
2452.1
1797.9
75770.2
6010.2
79247.1
3116.0
3011.6
6358.3
49042.2
5593.8
5259.0
14409.9
113531.9
11372.1
2014.7
6148.6
139901.3
2148.1
9856.3
2381.1
3866.4
8604.4
11002.4
12210.8
1851.5
2411.9
18470.0
6639.9
2496.6
6755.6
21793.5
6087.7
185082.3
18928.7
11184.0
2273.3
5099.4
2958.9
3330.0
2420.2
2165.4
12835.1
2132.8
8877.8
13429.1
5739.5
16410.8
106909.0
6895.9
11656.8
1791.7
126947.1
3103.7
2248.1
29686.2
100805.5
28644.4
10578.3
10391.8
8811.3
9144.2
6134.0
69238.8
2870.7
3685.8
7197.9
2135.9
1561.1
75794.9
2318.1
16480.9
8248.0
206923.9
9402.8
3342.3
10716.7
2481.8
2024.7
112559.4
7575.9
82490.5
2568.5
163454.7
3894.7
2651.8
57880.7
10135.1
3049.3
4837.5
19718.8
7366.8
4864.0
4953.6
66911.5
5545.7
11975.8
19665.4
6651.4
9285.0
16008.8
2564.6
2663.4
7846.0
33636.3
137491.1
2007.6
10560.6
91502.5
77100.0
82911.4
23024.4
111517.1
8782.0
2126.7
36618.9
9759.9
9493.1
6995.9
3495.8
2783.0
6969.6
4988.5
3197.8
2126.7
3370.5
1681.9
40399.3
5988.7
4004.6
3117.0
239570.2
2236.8
2414.8
5462.6
3680.3
7317.8
6263.3
137869.1
8001.8
79758.3
12848.1
3159.2
7458.9
5929.4
247314.1
9548.6
4394.5
31985.5
5103.1
30408.6
141059.8
9356.5
15174.4
1309.7
2435.7
23560.1
1935.4
8405.9
11298.2
3118.8
122512.0
3110.5
62393.7
2647.8
85908.5
5315.5
14033.5
138447.3
5523.9
165729.9
21302.1
16083.9
36175.9
6844.0
21134.2
4208.1
21586.7
2383.5
33825.9
2104.2
3684.3
2509.1
9884.2
3366.6
19371.1
242803.2
12482.9
9655.4
5620.8
1720.9
37289.4
18529.5
3030.6
6601.3
2504.8
25043.6
83140.4
2079.9
2748.5
2160.7
80238.4
76910.5
20662.9
3546.1
3519.8
2001.0
8722.1
32776.7
5668.7
6228.4
149301.2
5119.4
10360.3
2687.4
14758.2
162541.0
11191.2
78195.2
82269.2
17371.8
6723.8
14789.4
15582.9
21430.2
7679.9
11907.3
10093.3
29403.3
29435.1
7946.3
75918.8
11081.2
7246.6
7106.3
7807.1
104679.3
2838.9
5996.9
108590.2
3116.3
7553.1
2522.3
5232.0
2328.6
1926.7
17356.7
26702.6
1954.0
2912.7
2015.0
79451.4
28004.8
79223.0
144467.4
69246.4
25998.5
15415.3
6801.3
1771.3
67484.1
16597.6
5509.6
2107.5
6802.1
2291.6
7253.6
3634.7
15757.3
80637.9
2846.6
182274.1
39435.7
70832.0
3458.8
15752.0
3500.9
2376.7
195877.9
4037.3
13597.0
6116.7
6642.1
13299.4
4380.2
132458.7
3657.9
11547.8
36670.2
9095.0
4704.6
-872.9
134178.4
103748.5
2372.9
12122.1
9404.6
4097.7
188186.6
17078.8
88006.0
37403.5
101519.6
9442.6
131881.4
68782.6
3064.7
15217.1
2500.8
63336.7
20074.0
2626.5
69144.9
135776.5
83865.5
5890.3
77332.1
3023.9
1481.0
10914.0
1861.2
1899.0
7950.7
122428.1
80914.8
78346.9
82235.2
3101.6
5837.9
4683.6
32828.4
10386.6
2961.4
9826.1
9242.5
7422.3
2190.3
218512.3
6269.2
147108.9
22655.1
8402.1
85693.4
136016.8
15691.7
5235.0
4029.8
2369.3
2064.0
132868.4
6344.2
131838.0
2695.8
7023.1
90322.6
1944.8
2252.8
2546.3
7548.1
4801.8
36962.3
2827.6
204869.1
2235.2
5385.4
8661.1
14230.8
7449.1
3585.4
1767.7
126390.0
175730.5
77513.4
2437.3
3921.5
2200.9
7879.2
5459.0
2530.9
77834.8
18193.5
2937.2
123358.0
2601.9
8332.9
33282.0
3700.0
1434.1
70687.5
9595.5
30883.7
77890.0
1389.1
7719.5
3477.8
121947.2
23960.5
81510.1
9210.7
81865.4
30088.8
4354.8
3040.8
3427.6
10543.0
20364.5
5191.4
35578.0
5798.4
3002.4
2540.7
3640.2
138858.7
11080.9
6430.6
33068.3
2298.2
5058.3
3608.0
4689.4
4132.9
8118.3
9811.9
177718.4
5577.3
5718.2
9717.6
25083.3
2742.6
1806.1
2575.1
2714.4
4889.0
13491.4
18507.4
1594.3
224930.6
6404.1
83649.8
166212.3
100268.4
5807.2
4724.9
82777.7
26930.0
87753.0
15659.2
8206.2
82876.5
3200.3
3022.5
5163.8
31381.3
2785.0
69287.2
2950.2
2479.9
6016.0
14407.4
2491.9
2346.9
6117.0
11290.8
5387.8
7174.5
5232.0
116354.3
76919.2
29242.3
207013.0
3727.0
2282.1
128094.3
2017.8
2387.4
35642.4
9999.8
1867.8
4749.6
3687.5
140212.7
8822.8
2320.3
79276.8
3051.4
5159.5
4969.8
4255.7
5684.0
8503.1
8993.8
30299.1
9345.1
8899.8
17493.9
4915.2
81069.8
12090.2
2334.5
3676.8
1891.5
6910.9
2336.2
5197.0
193734.3
210256.8
8956.0
23670.1
69589.0
15218.7
6870.7
1979.3
15146.1
6844.0
150244.4
130619.3
80863.3
10636.5
2599.6
116006.6
4927.8
3331.4
2069.7
81249.4
2198.5
4725.6
195640.2
7550.0
79826.2
13236.2
4441.3
43404.5
4171.6
6903.1
1951.5
8673.7
5869.7
3200.8
2263.1
9302.9
185568.3
6448.6
83865.5
9669.1
2021.7
5261.9
21336.7
84832.2
154040.9
15695.2
34325.5
10753.4
125296.2
1841.7
2172.3
7719.6
9186.5
142499.9
2298.4
35277.4
2954.9
4448.8
2610.8
126947.1
223687.7
143224.1
134488.7
1864.9
151075.6
33368.7
3620.6
6648.7
12160.5
86259.3
2833.8
15809.2
2005.2
11492.3
8509.1
77953.8
2429.5
81214.8
12877.5
90534.9
84734.2
2684.7
5487.7
3418.9
6281.8
95667.7
93480.7
6291.1
7670.3
2455.8
2285.9
128620.7
4350.7
7399.2
140699.6
17360.8
11555.3
11864.8
2016.1
3360.7
2105.3
82849.3
18407.7
7571.1
30904.8
8218.4
8157.4
1849.9
15519.2
19269.6
6165.7
2467.2
148303.3
5065.6
2797.3
37980.9
16895.8
2129.2
8749.0
5599.1
5952.2
6603.3
7055.7
8794.5
134810.4
2753.3
60438.4
75399.3
4427.1
8944.8
31493.2
3146.2
8649.9
5875.8
8197.3
2644.9
3482.1
2836.9
33752.9
7071.7
2769.9
6105.0
3307.7
19772.3
3020.0
78389.1
118215.7
7840.6
22591.0
2832.9
9092.5
2373.2
5213.7
9420.2
38373.6
9044.5
2911.6
82364.7
137265.7
2040.3
1505.4
1483.5
3488.3
7092.5
77172.7
217018.0
4123.1
6701.1
76727.5
4562.4
3501.9
66346.5
130880.8
1775.7
6930.7
6394.4
8428.2
176127.0
6085.2
7497.5
12767.8
13287.2
39921.0
138662.4
8860.0
147587.8
144687.7
80071.6
3333.7
4672.7
2762.1
5710.9
7211.0
144278.0
3859.8
4938.7
6795.4
76614.0
11812.4
4252.3
10383.5
1838.8
85301.3
7118.1
2359.4
37183.5
2077.3
6126.1
126504.4
2345.8
10520.6
1762.6
9158.2
6286.3
1608.5
61619.7
2397.6
10266.7
5888.8
2093.8
8956.0
1949.6
2560.9
2120.3
1554.3
2554.2
99882.5
1055.1
6219.7
28291.5
12790.8
8965.7
6557.8
2738.6
2584.4
6142.3
82957.3
14583.7
84316.7
3033.9
35638.0
199476.8
2843.4
175528.5
178750.0
2148.1
12221.2
2276.1
32603.0
24566.5
7452.6
29481.7
11555.1
4746.8
8257.9
2503.3
2400.1
7782.7
2899.3
22470.1
69042.3
137539.8
34576.1
7306.6
3022.3
2211.0
80701.3
25384.4
2626.4
9031.9
5483.1
6617.5
2025.9
8378.5
2254.8
2066.7
1708.7
226502.4
3367.1
2490.8
19703.9
8711.4
7120.7
14890.1
18780.4
29922.6
1726.3
76225.4
